17310
26392
76460
31744
80494
50834
82703
21191
95939
92561
63232
47829
29477
3548
53649
49520
49272
55982
35152
12876
95536
15492
94700
19664
42158
86087
3914
1145
67459
97765
49123
30729
90511
25643
65266
15046
45088
8795
6405
83166
66458
66939
85324
88625
78568
15763
29100
71946
80236
22512
47866
64613
74397
82465
19798
812
47689
89667
77531
96271
54395
85230
8452
62701
55248
96009
73217
79935
61516
51902
78283
94670
32758
17066
90012
364
40004
92142
23552
79987
26299
61230
81504
12301
22637
59082
63966
39785
63903
69152
87610
34605
87495
88603
70328
15558
28549
33522
17092
74036
81990
35739
87994
36767
12113
77359
42995
86947
57236
1452
12808
76102
49605
94763
36555
57609
41597
98380
50121
32043
67555
10793
36436
47077
72426
94607
66754
69740
48366
17554
19597
5416
95220
93506
30893
33934
14975
77546
76818
84575
8669
29121
68939
92451
78396
76035
4966
55138
65109
9235
18455
15380
76254
42647
58497
94718
2945
6788
81417
96176
32512
22448
76335
91599
11354
93561
44565
54846
85080
89338
87540
29216
69192
68022
96493
19981
99821
69608
30964
53866
94434
73915
10456
48824
44813
42237
72364
774
53693
51686
25161
21306
8087
95882
58027
41431
49981
90285
11346
55150
11111
12112
99999
10
20
40
80
160